function g = averageFilter()
    % define a 9x9 filter
    row1 = [1,1,0,1,1,0,0,0,0];
    row2 = [1,1,1,1,1,1,0,0,0];
    row3 = [0,1,1,0,1,1,0,0,0];
    row4 = [1,1,0,1,1,0,1,1,0];
    row5 = [1,1,1,1,1,1,1,1,1];
    row6 = [0,1,1,0,1,1,0,1,1];
    row7 = [0,0,0,1,1,0,1,1,0];
    row8 = [0,0,0,1,1,1,1,1,1];
    row9 = [0,0,0,0,1,1,0,1,1];
    
    g = [row1;row2;row3;row4;row5;row6;row7;row8;row9];
end